Start timing.
       0      0      0  1.0000e+00 -1.0000e+00 -1.0000e+00 -1.0000e+00   0.001
     120    140    120 -6.8342e-02 -4.6264e-01 -7.2972e-01 -1.1240e+00   0.003
     140    120    120 -5.5331e-02 -4.4743e-01 -7.1097e-01 -1.1031e+00    0.01
       0      1      1  1.0000e+00 -1.0000e+00 -1.0000e+00 -1.0000e+00    0.01
    2100      1      2  8.4078e-45  6.0000e+00 -7.1097e-01 -1.1031e+00    0.03
     320      1      2  4.9041e-01  4.9041e-01  4.9039e-01  4.9039e-01    0.02
   13440      1      2  1.0000e+00  1.0000e+00  9.9994e-01  9.9994e-01    0.02
    5160      1      2  3.0000e+00  2.0000e+00  3.0000e+00 -1.1031e+00    0.04
       0      2      3  1.0000e+00 -1.0000e+00 -1.0000e+00 -1.0000e+00    0.04
     930      2      3  8.3466e-01  8.3466e-01  8.3466e-01  8.3466e-01    0.02
 3.90961e+09 whetstones per second
