Start timing.
       0      0      0  1.0000e+00 -1.0000e+00 -1.0000e+00 -1.0000e+00   0.001
     120    140    120 -6.8342e-02 -4.6264e-01 -7.2972e-01 -1.1240e+00   0.003
     140    120    120 -3.1026e-01 -3.1025e-01 -1.0345e-05 -3.1026e-01    0.01
    3480      0      0  1.0000e+00 -1.0000e+00 -1.0000e+00 -1.0000e+00    0.02
    2100      1      2  8.4078e-45  6.0000e+00 -1.0345e-05 -3.1026e-01    0.03
     320      1      2  4.9041e-01  4.9041e-01  4.9039e-01  4.9039e-01    0.03
    8990      1      2  1.0000e+00  1.0000e+00  9.9994e-01  9.9994e-01    0.00
    5160      1      2  3.0000e+00  2.0000e+00  3.0000e+00 -3.1026e-01    0.03
       0      2      3  1.0000e+00 -1.0000e+00 -1.0000e+00 -1.0000e+00    0.03
     930      2      3  8.3466e-01  8.3466e-01  8.3466e-01  8.3466e-01    0.01
 1.0019e+10 whetstones per second
